111111111100110000
110111101101001000000000000000000000000000000
000000010010111111010010111111010010000000000000000000
000000000000000000000000000000000000
011100001001101100100011011010000011101011100000101101100010011011001000011100000000000000000000000
000000010000100111110010000100000000000000000
111101000000000000
011011011000111100011110001111000111100011011011000000000000000
000000100001010010111111010010100001000000000000000000
000000010000100111110010000100000000000000000
000000000011110100
000000000000000111110000000000000000000000000
000000000011110000
000100010010001001000100100000000000
011111010000011000111100100111100011000001011111000000000000000
011111011011011011011000000
011111011000110000011000001101111101100000111111100000000000000
011111011000110000011011111100000111100011011111000000000000000
110011011001101100110110011001111110000110000011000000000000000
111111011000001111110000001111000111100011011111000000000000000
011110011000001111110110001111000111100011011111000000000000000
111111100000110000011000111000110000011000001100000000000000000
011111011000111100011011111011000111100011011111000000000000000
011111011000111100011110001101111110000011001111000000000000000
001111001111000000
001111001111010000
000100100100100001000010000100000000
000000000011111000001111100000000000000000000
100001000010000100100100100000000000
011111011000111100011000001100111100000000001100000000000000000
001111111000110000011011001111011110110110111100111111001100000000001111111000000000000000000000000
011111011000111100011110001111111111100011110001100000000000000
111111011000111100011111111011000111100011111111000000000000000
011111011000111100000110000011000001100011011111000000000000000
111111011000111100011110001111000111100011111111000000000000000
011111011000111100000111111011000001100011011111000000000000000
011111011000111100000111110011000001100000110000000000000000000
011111011000111100000110111111000111100011011111000000000000000
110001111000111100011111111111000111100011110001100000000000000
111101100110011001100110111100000000
111111100001100000110110011011001101100110011110000000000000000
110001111000111100011111111011000111100011110001100000000000000
110000110000110000110000110000110000111111000000000000
111111111101101111011011110110111101101111011011110110110000000000000000
111111011000111100011110001111000111100011110001100000000000000
011111011000111100011110001111000111100011011111000000000000000
111111011000111100011110001111111101100000110000000000000000000
011111011000111100011110001111000111101011011111000111000000110
111111011000111100011110001111111101100011110001100000000000000
011111011000111100000011111000000111100011011111000000000000000
111111001100001100001100001100001100001100000000000000
110001111000111100011110001111000111100011011111000000000000000
100000110000011000001100000101101100111110000100000000000000000
110110111101101111011011110110111101101111011011111111110000000000000000
110001111000111100011011111011000111100011110001100000000000000
110001111000111100011110001101111110000011001111000000000000000
111111100001110001110001110001110001110000111111100000000000000
111110110110110110111000000
100010000100010000100010000100000000
111011011011011011111000000
010101000000000000000000000
000000000000000000000000000000111110000000000
100100000000000000
000000000000000111111110001111000111100011011111100000000000000
110000011000001111110110001111000111100011111111000000000000000
000000000000000111110110001111000001100011011111000000000000000
000001100000110111111110001111000111100011011111100000000000000
000000000000000111110110001111111111100000011111000000000000000
001110110011111011000110001100011000000000000
000000000000000111110110001111000111100011011111100000110011110
110000011000001111110110001111000111100011110001100000000000000
110011111111110000
001100000011001100110011001100111110
110000011000001100011110001111111101100011110001100000000000000
111111111111110000
000000000000000011111111110110111101101111011011110110110000000000000000
000000000000001111110110001111000111100011110001100000000000000
000000000000000111110110001111000111100011011111000000000000000
000000000000001111110110001111000111100011111111011000001100000
000000000000000111111110001111000111100011011111100000110000011
000000000011011111001100011000110000000000000
000000000000000001111110111000000111111000000111011111100000000000000000
011001101111011001100110001100000000
000000000000001100011110001111000111100011011111100000000000000
000000000000110011110011110011011110001100000000000000
000000000000000011011011110110111101101111011011111111110000000000000000
000000000000001100011110001101111101100011110001100000000000000
000000000000001100011110001111000111100011011111100000110011110
000000000000001111111000001101111101100000111111100000000000000
001101011000110010011001100100110110001000110110010011001100100110001101011000000000000000000000000
011101110110000000000000000000000000000000000000000000
